505
37.682008882343084 -121.89267418427507
37.682211630136145 -121.89293228767222
37.682221647615854 -121.89221635664882
37.68179094328111 -121.8924561469055
37.681596779604924 -121.89258192682813
37.68199888234308 -121.89268418427507
37.68222163013615 -121.89294228767223
37.68221164761585 -121.89220635664881
37.68180094328111 -121.8924661469055
37.68160677960493 -121.89259192682813
37.682008882343084 -121.89269418427507
37.68223163013615 -121.89293228767222
37.682221647615854 -121.89219635664881
37.68179094328111 -121.89247614690551
37.681596779604924 -121.89260192682814
37.68199888234308 -121.89270418427508
37.68222163013615 -121.89294228767223
37.68221164761585 -121.8921863566488
37.681780943281105 -121.89248614690551
37.68158677960492 -121.89261192682814
37.682008882343084 -121.89271418427508
37.68223163013615 -121.89293228767222
37.68220164761585 -121.89219635664881
37.6817709432811 -121.89249614690551
37.681596779604924 -121.89260192682814
37.68199888234308 -121.89270418427508
37.68222163013615 -121.89294228767223
37.68221164761585 -121.89220635664881
37.681780943281105 -121.89250614690552
37.68158677960492 -121.89261192682814
37.68198888234308 -121.89271418427508
37.682211630136145 -121.89293228767222
37.68220164761585 -121.89219635664881
37.68179094328111 -121.89251614690552
37.68157677960492 -121.89260192682814
37.68199888234308 -121.89270418427508
37.68220163013614 -121.89292228767222
37.68221164761585 -121.89220635664881
37.681780943281105 -121.89250614690552
37.68158677960492 -121.89261192682814
37.68198888234308 -121.89269418427507
37.682211630136145 -121.89291228767222
37.68220164761585 -121.89219635664881
37.6817709432811 -121.89251614690552
37.681596779604924 -121.89260192682814
37.68199888234308 -121.89270418427508
37.68220163013614 -121.89290228767221
37.68221164761585 -121.89220635664881
37.6817609432811 -121.89252614690552
37.68160677960493 -121.89259192682813
37.68198888234308 -121.89271418427508
37.68219163013614 -121.89291228767222
37.68220164761585 -121.89219635664881
37.681750943281095 -121.89253614690553
37.68161677960493 -121.89260192682814
37.681978882343074 -121.89272418427508
37.68220163013614 -121.89292228767222
37.682191647615845 -121.8921863566488
37.6817609432811 -121.89252614690552
37.68162677960493 -121.89259192682813
37.68196888234307 -121.89273418427508
37.682211630136145 -121.89293228767222
37.68220164761585 -121.8921763566488
37.6817709432811 -121.89251614690552
37.68161677960493 -121.89258192682813
37.68195888234307 -121.89272418427508
37.68222163013615 -121.89292228767222
37.68221164761585 -121.8921863566488
37.681780943281105 -121.89252614690552
37.68160677960493 -121.89257192682813
37.68196888234307 -121.89273418427508
37.68223163013615 -121.89293228767222
37.682221647615854 -121.89219635664881
37.68179094328111 -121.89251614690552
37.68161677960493 -121.89258192682813
37.681978882343074 -121.89274418427509
37.682241630136154 -121.89294228767223
37.68223164761586 -121.89220635664881
37.68180094328111 -121.89250614690552
37.68160677960493 -121.89259192682813
37.68198888234308 -121.89273418427508
37.68223163013615 -121.89293228767222
37.68224164761586 -121.89221635664882
37.681810943281114 -121.89251614690552
37.68161677960493 -121.89258192682813
37.681978882343074 -121.89272418427508
37.68222163013615 -121.89292228767222
37.682251647615864 -121.89222635664882
37.68180094328111 -121.89252614690552
37.68162677960493 -121.89259192682813
37.68196888234307 -121.89273418427508
37.68223163013615 -121.89293228767222
37.68224164761586 -121.89221635664882
37.681810943281114 -121.89251614690552
37.681636779604936 -121.89260192682814
37.681978882343074 -121.89274418427509
37.682241630136154 -121.89292228767222
37.68223164761586 -121.89220635664881
37.68182094328112 -121.89252614690552
37.68164677960494 -121.89261192682814
37.68196888234307 -121.89273418427508
37.68223163013615 -121.89291228767222
37.682221647615854 -121.89221635664882
37.68183094328112 -121.89253614690553
37.68165677960494 -121.89262192682814
37.68199888234308 -121.89266418427506
37.68220163013614 -121.89294228767223
37.68223164761586 -121.89220635664881
37.681780943281105 -121.8924461469055
37.68158677960492 -121.89257192682813
37.68198888234308 -121.89267418427507
37.68223163013615 -121.89295228767223
37.68220164761585 -121.89221635664882
37.681810943281114 -121.89247614690551
37.68161677960493 -121.89258192682813
37.68201888234309 -121.89270418427508
37.68222163013615 -121.89294228767223
37.68223164761586 -121.89220635664881
37.68180094328111 -121.8924661469055
37.68158677960492 -121.89261192682814
37.682008882343084 -121.89269418427507
37.682211630136145 -121.89295228767223
37.68220164761585 -121.8921763566488
37.68179094328111 -121.89247614690551
37.68157677960492 -121.89262192682814
37.68199888234308 -121.89272418427508
37.68222163013615 -121.89292228767222
37.68221164761585 -121.8921863566488
37.681780943281105 -121.89248614690551
37.68158677960492 -121.89259192682813
37.68198888234308 -121.89271418427508
37.682211630136145 -121.89293228767222
37.682221647615854 -121.89219635664881
37.6817709432811 -121.89249614690551
37.68157677960492 -121.89260192682814
37.68199888234308 -121.89272418427508
37.68222163013615 -121.89294228767223
37.682191647615845 -121.89220635664881
37.681780943281105 -121.89250614690552
37.681566779604914 -121.89261192682814
37.682008882343084 -121.89271418427508
37.68219163013614 -121.89291228767222
37.68220164761585 -121.89221635664882
37.68179094328111 -121.89251614690552
37.681596779604924 -121.89262192682814
37.68199888234308 -121.89268418427507
37.68222163013615 -121.89292228767222
37.682191647615845 -121.8921863566488
37.681780943281105 -121.89250614690552
37.68158677960492 -121.89261192682814
37.682008882343084 -121.89269418427507
37.682211630136145 -121.89289228767221
37.68220164761585 -121.89219635664881
37.6817709432811 -121.89253614690553
37.681596779604924 -121.89258192682813
37.68199888234308 -121.89272418427508
37.68220163013614 -121.89292228767222
37.68221164761585 -121.8921863566488
37.68174094328109 -121.89252614690552
37.68160677960493 -121.89261192682814
37.68196888234307 -121.89273418427508
37.682211630136145 -121.89291228767222
37.68218164761584 -121.8921763566488
37.6817709432811 -121.89251614690552
37.68161677960493 -121.89258192682813
37.681978882343074 -121.89274418427509
37.68220163013614 -121.89294228767223
37.68221164761585 -121.8921663566488
37.6817609432811 -121.89252614690552
37.68162677960493 -121.89259192682813
37.68196888234307 -121.89271418427508
37.682211630136145 -121.89291228767222
37.68220164761585 -121.89219635664881
37.6817709432811 -121.89253614690553
37.681596779604924 -121.89256192682812
37.68195888234307 -121.89272418427508
37.68222163013615 -121.89294228767223
37.68221164761585 -121.8921863566488
37.68180094328111 -121.89250614690552
37.68162677960493 -121.89259192682813
37.68196888234307 -121.89275418427509
37.68223163013615 -121.89295228767223
37.682221647615854 -121.89219635664881
37.681810943281114 -121.89251614690552
37.681596779604924 -121.89260192682814
37.681978882343074 -121.89272418427508
37.682241630136154 -121.89292228767222
37.682251647615864 -121.89220635664881
37.68180094328111 -121.89252614690552
37.68160677960493 -121.89259192682813
37.68196888234307 -121.89273418427508
37.68223163013615 -121.89291228767222
37.68224164761586 -121.89221635664882
37.68179094328111 -121.89251614690552
37.681636779604936 -121.89258192682813
37.68195888234307 -121.89274418427509
37.68222163013615 -121.89292228767222
37.68223164761586 -121.89220635664881
37.68182094328112 -121.89250614690552
37.68162677960493 -121.89261192682814
37.68198888234308 -121.89275418427509
37.68225163013616 -121.89293228767222
37.682221647615854 -121.89219635664881
37.68183094328112 -121.89251614690552
37.681636779604936 -121.89262192682814
37.68199888234308 -121.89266418427506
37.68222163013615 -121.89292228767222
37.68223164761586 -121.89220635664881
37.68180094328111 -121.8924661469055
37.68160677960493 -121.89257192682813
37.68198888234308 -121.89267418427507
37.682211630136145 -121.89295228767223
37.68220164761585 -121.89221635664882
37.68179094328111 -121.8924561469055
37.68161677960493 -121.89258192682813
37.68201888234309 -121.89270418427508
37.682241630136154 -121.89294228767223
37.68221164761585 -121.8921863566488
37.68180094328111 -121.89248614690551
37.68160677960493 -121.89259192682813
37.68198888234308 -121.89269418427507
37.682211630136145 -121.89295228767223
37.682221647615854 -121.89219635664881
37.68179094328111 -121.89247614690551
37.681596779604924 -121.89260192682814
37.68199888234308 -121.89270418427508
37.682241630136154 -121.89292228767222
37.68221164761585 -121.89220635664881
37.6817609432811 -121.89250614690552
37.68160677960493 -121.89259192682813
37.68198888234308 -121.89269418427507
37.68223163013615 -121.89295228767223
37.68220164761585 -121.89219635664881
37.6817709432811 -121.89251614690552
37.681596779604924 -121.89262192682814
37.681978882343074 -121.89272418427508
37.68220163013614 -121.89292228767222
37.68221164761585 -121.89220635664881
37.681780943281105 -121.89250614690552
37.68158677960492 -121.89261192682814
37.682008882343084 -121.89271418427508
37.682211630136145 -121.89291228767222
37.68220164761585 -121.89221635664882
37.6817709432811 -121.89251614690552
37.68157677960492 -121.89260192682814
37.68199888234308 -121.89270418427508
37.68220163013614 -121.89292228767222
37.682191647615845 -121.89220635664881
37.681780943281105 -121.89252614690552
37.68160677960493 -121.89261192682814
37.68198888234308 -121.89271418427508
37.68219163013614 -121.89289228767221
37.68220164761585 -121.89221635664882
37.681750943281095 -121.89253614690553
37.681596779604924 -121.89260192682814
37.681978882343074 -121.89270418427508
37.682181630136135 -121.89290228767221
37.682191647615845 -121.8921863566488
37.68174094328109 -121.89254614690553
37.68162677960493 -121.89261192682814
37.68196888234307 -121.89271418427508
37.682211630136145 -121.89293228767222
37.68220164761585 -121.89219635664881
37.681750943281095 -121.89253614690553
37.681636779604936 -121.89260192682814
37.68195888234307 -121.89272418427508
37.68222163013615 -121.89292228767222
37.682191647615845 -121.8921863566488
37.681780943281105 -121.89250614690552
37.68160677960493 -121.89257192682813
37.68196888234307 -121.89273418427508
37.682211630136145 -121.89293228767222
37.68220164761585 -121.89219635664881
37.6817709432811 -121.89251614690552
37.681596779604924 -121.89256192682812
37.68195888234307 -121.89272418427508
37.682241630136154 -121.89294228767223
37.68221164761585 -121.8921863566488
37.68180094328111 -121.89252614690552
37.68162677960493 -121.89259192682813
37.68196888234307 -121.89273418427508
37.68225163013616 -121.89293228767222
37.68224164761586 -121.89221635664882
37.681810943281114 -121.89249614690551
37.681596779604924 -121.89260192682814
37.68199888234308 -121.89274418427509
37.682241630136154 -121.89292228767222
37.682251647615864 -121.89222635664882
37.68182094328112 -121.89252614690552
37.68160677960493 -121.89259192682813
37.68196888234307 -121.89271418427508
37.68223163013615 -121.89291228767222
37.68226164761587 -121.89223635664882
37.681810943281114 -121.89251614690552
37.681636779604936 -121.89258192682813
37.681978882343074 -121.89272418427508
37.68222163013615 -121.89294228767223
37.682251647615864 -121.89220635664881
37.68180094328111 -121.89250614690552
37.68164677960494 -121.89259192682813
37.68196888234307 -121.89275418427509
37.68223163013615 -121.89293228767222
37.68224164761586 -121.89219635664881
37.681810943281114 -121.89251614690552
37.68165677960494 -121.89262192682814
37.68199888234308 -121.89268418427507
37.68222163013615 -121.89292228767222
37.68223164761586 -121.89220635664881
37.681780943281105 -121.8924661469055
37.68158677960492 -121.89257192682813
37.682008882343084 -121.89267418427507
37.682211630136145 -121.89295228767223
37.682221647615854 -121.89219635664881
37.681810943281114 -121.89247614690551
37.68161677960493 -121.89260192682814
37.68199888234308 -121.89268418427507
37.682241630136154 -121.89294228767223
37.68223164761586 -121.8921863566488
37.68180094328111 -121.8924661469055
37.68160677960493 -121.89259192682813
37.68198888234308 -121.89269418427507
37.68223163013615 -121.89293228767222
37.682221647615854 -121.89219635664881
37.68179094328111 -121.89247614690551
37.681596779604924 -121.89260192682814
37.68199888234308 -121.89272418427508
37.682241630136154 -121.89294228767223
37.68221164761585 -121.89220635664881
37.6817609432811 -121.89248614690551
37.68158677960492 -121.89259192682813
37.682008882343084 -121.89269418427507
37.68223163013615 -121.89295228767223
37.682221647615854 -121.89219635664881
37.68179094328111 -121.89251614690552
37.68157677960492 -121.89262192682814
37.68199888234308 -121.89270418427508
37.68220163013614 -121.89292228767222
37.68221164761585 -121.89220635664881
37.68180094328111 -121.89252614690552
37.681566779604914 -121.89261192682814
37.682008882343084 -121.89271418427508
37.68219163013614 -121.89291228767222
37.682221647615854 -121.89219635664881
37.68179094328111 -121.89249614690551
37.681596779604924 -121.89262192682814
37.68199888234308 -121.89268418427507
37.68222163013615 -121.89290228767221
37.682191647615845 -121.89220635664881
37.6817609432811 -121.89252614690552
37.68158677960492 -121.89261192682814
37.68198888234308 -121.89269418427507
37.682211630136145 -121.89289228767221
37.682221647615854 -121.89219635664881
37.6817709432811 -121.89253614690553
37.681596779604924 -121.89258192682813
37.68199888234308 -121.89272418427508
37.68220163013614 -121.89290228767221
37.682191647615845 -121.89220635664881
37.6817609432811 -121.89252614690552
37.68162677960493 -121.89259192682813
37.68198888234308 -121.89273418427508
37.68219163013614 -121.89291228767222
37.68218164761584 -121.8921763566488
37.6817709432811 -121.89251614690552
37.681636779604936 -121.89260192682814
37.68195888234307 -121.89272418427508
37.68222163013615 -121.89292228767222
37.68221164761585 -121.8921863566488
37.6817609432811 -121.89250614690552
37.68160677960493 -121.89257192682813
37.68196888234307 -121.89273418427508
37.68223163013615 -121.89291228767222
37.682221647615854 -121.8921763566488
37.6817709432811 -121.89251614690552
37.68161677960493 -121.89256192682812
37.681978882343074 -121.89272418427508
37.682241630136154 -121.89292228767222
37.68223164761586 -121.89220635664881
37.681780943281105 -121.89250614690552
37.68162677960493 -121.89259192682813
37.68196888234307 -121.89273418427508
37.68225163013616 -121.89293228767222
37.68224164761586 -121.89219635664881
37.681810943281114 -121.89249614690551
37.68161677960493 -121.89258192682813
37.681978882343074 -121.89272418427508
37.682241630136154 -121.89292228767222
37.682251647615864 -121.89222635664882
37.68180094328111 -121.89252614690552
37.68160677960493 -121.89259192682813
37.68196888234307 -121.89271418427508
37.68223163013615 -121.89291228767222
37.68226164761587 -121.89223635664882
37.68179094328111 -121.89253614690553
37.681636779604936 -121.89260192682814
37.68195888234307 -121.89274418427509
37.682241630136154 -121.89292228767222
37.68223164761586 -121.89222635664882
37.68182094328112 -121.89252614690552
37.68164677960494 -121.89261192682814
37.68196888234307 -121.89275418427509
37.68223163013615 -121.89291228767222
37.68224164761586 -121.89219635664881
37.68183094328112 -121.89251614690552
37.681636779604936 -121.89260192682814
37.68199888234308 -121.89268418427507
37.68220163013614 -121.89292228767222
37.68223164761586 -121.89222635664882
37.681780943281105 -121.8924461469055
37.68160677960493 -121.89257192682813
37.682008882343084 -121.89269418427507
37.68223163013615 -121.89295228767223
37.682221647615854 -121.89219635664881
37.68179094328111 -121.89247614690551
37.681596779604924 -121.89260192682814
37.68201888234309 -121.89270418427508
37.682241630136154 -121.89294228767223
37.68223164761586 -121.89220635664881
37.68180094328111 -121.89248614690551
37.68160677960493 -121.89261192682814
37.68198888234308 -121.89269418427507
37.68223163013615 -121.89293228767222
37.68220164761585 -121.89219635664881
37.68179094328111 -121.89249614690551
37.68157677960492 -121.89260192682814
37.68201888234309 -121.89272418427508
37.68222163013615 -121.89292228767222
37.68221164761585 -121.89220635664881
37.6817609432811 -121.89248614690551
37.68158677960492 -121.89261192682814
37.682008882343084 -121.89269418427507
37.68223163013615 -121.89295228767223
37.682221647615854 -121.89221635664882
37.6817709432811 -121.89251614690552
37.681596779604924 -121.89260192682814
37.681978882343074 -121.89270418427508
37.68220163013614 -121.89294228767223
37.682191647615845 -121.89220635664881
37.681780943281105 -121.89250614690552
37.681566779604914 -121.89261192682814
37.682008882343084 -121.89269418427507
37.68219163013614 -121.89291228767222
37.68220164761585 -121.89221635664882
37.6817709432811 -121.89251614690552
37.68157677960492 -121.89260192682814
37.68199888234308 -121.89270418427508
37.68222163013615 -121.89292228767222
37.682191647615845 -121.8921863566488
37.6817609432811 -121.89252614690552
37.68158677960492 -121.89261192682814
37.68198888234308 -121.89271418427508
37.682211630136145 -121.89291228767222
37.68220164761585 -121.89219635664881
37.681750943281095 -121.89253614690553
37.681596779604924 -121.89260192682814
37.68199888234308 -121.89270418427508
37.682181630136135 -121.89292228767222
37.682191647615845 -121.89220635664881
37.68174094328109 -121.89252614690552
37.68162677960493 -121.89259192682813
37.68198888234308 -121.89271418427508
37.682211630136145 -121.89291228767222
37.68220164761585 -121.8921763566488
37.6817709432811 -121.89251614690552
37.68161677960493 -121.89260192682814
37.681978882343074 -121.89272418427508
37.68222163013615 -121.89294228767223
37.682191647615845 -121.8921663566488
37.6817609432811 -121.89250614690552
37.68160677960493 -121.89257192682813
37.68196888234307 -121.89271418427508
37.68223163013615 -121.89293228767222
37.682221647615854 -121.89219635664881
37.6817709432811 -121.89251614690552
37.68161677960493 -121.89256192682812
37.681978882343074 -121.89272418427508
37.68222163013615 -121.89294228767223
37.68223164761586 -121.89220635664881
37.68180094328111 -121.89250614690552
37.68162677960493 -121.89259192682813
37.68198888234308 -121.89273418427508
37.68225163013616 -121.89295228767223
37.68224164761586 -121.89219635664881
37.681810943281114 -121.89251614690552
37.681596779604924 -121.89258192682813
37.681978882343074 -121.89274418427509
37.68222163013615 -121.89292228767222
37.68223164761586 -121.89222635664882
37.68182094328112 -121.89250614690552
37.68162677960493 -121.89259192682813
37.68198888234308 -121.89273418427508
37.68223163013615 -121.89291228767222
37.68226164761587 -121.89223635664882
37.68179094328111 -121.89253614690553
37.681636779604936 -121.89258192682813
37.68195888234307 -121.89272418427508
37.68222163013615 -121.89292228767222
37.682251647615864 -121.89222635664882
37.68182094328112 -121.89250614690552
37.68162677960493 -121.89259192682813
37.68196888234307 -121.89275418427509
37.68223163013615 -121.89291228767222
37.68224164761586 -121.89219635664881
37.681810943281114 -121.89251614690552
37.681636779604936 -121.89260192682814
