530
37.68227160431344 -121.89234038385122
37.68227135715622 -121.89286660994792
37.682298133662094 -121.89261108530164
37.6820948597577 -121.892345622345
37.68146997088785 -121.89240116437915
37.68226160431344 -121.89233038385122
37.68228135715622 -121.89285660994791
37.6823081336621 -121.89260108530164
37.682084859757694 -121.892335622345
37.68147997088786 -121.89241116437915
37.682251604313436 -121.89234038385122
37.68227135715622 -121.89286660994792
37.682298133662094 -121.89259108530163
37.6820948597577 -121.892345622345
37.68146997088785 -121.89242116437916
37.68226160431344 -121.89233038385122
37.68228135715622 -121.89287660994792
37.68228813366209 -121.89260108530164
37.6821048597577 -121.89235562234501
37.68145997088785 -121.89243116437916
37.68227160431344 -121.89234038385122
37.682291357156224 -121.89288660994792
37.682298133662094 -121.89261108530164
37.682114859757704 -121.89236562234501
37.68146997088785 -121.89242116437916
37.68226160431344 -121.89235038385122
37.68228135715622 -121.89287660994792
37.68228813366209 -121.89260108530164
37.6821048597577 -121.89237562234501
37.68147997088786 -121.89241116437915
37.682251604313436 -121.89234038385122
37.68227135715622 -121.89286660994792
37.682298133662094 -121.89259108530163
37.6820948597577 -121.89238562234502
37.68148997088786 -121.89242116437916
37.68224160431343 -121.89233038385122
37.682261357156214 -121.89287660994792
37.68228813366209 -121.89260108530164
37.682084859757694 -121.89239562234502
37.68149997088786 -121.89243116437916
37.68223160431343 -121.89234038385122
37.68227135715622 -121.89286660994792
37.682298133662094 -121.89259108530163
37.6820948597577 -121.89240562234502
37.681509970887866 -121.89244116437916
37.682221604313426 -121.89233038385122
37.682261357156214 -121.89285660994791
37.6823081336621 -121.89258108530163
37.6821048597577 -121.89241562234503
37.68149997088786 -121.89245116437917
37.68221160431342 -121.89234038385122
37.68225135715621 -121.89284660994791
37.6823181336621 -121.89257108530163
37.682114859757704 -121.89242562234503
37.681509970887866 -121.89244116437916
37.682221604313426 -121.89233038385122
37.68224135715621 -121.8928366099479
37.682328133662104 -121.89258108530163
37.68212485975771 -121.89243562234503
37.68151997088787 -121.89245116437917
37.68223160431343 -121.89232038385121
37.68225135715621 -121.89284660994791
37.68233813366211 -121.89257108530163
37.68213485975771 -121.89244562234504
37.68152997088787 -121.89244116437916
37.68224160431343 -121.89233038385122
37.682261357156214 -121.8928366099479
37.682328133662104 -121.89256108530162
37.68212485975771 -121.89245562234504
37.68151997088787 -121.89243116437916
37.682251604313436 -121.89232038385121
37.68225135715621 -121.8928266099479
37.6823181336621 -121.89257108530163
37.68213485975771 -121.89244562234504
37.681509970887866 -121.89244116437916
37.68224160431343 -121.89231038385121
37.682261357156214 -121.8928366099479
37.682328133662104 -121.89258108530163
37.68212485975771 -121.89245562234504
37.68151997088787 -121.89245116437917
37.682251604313436 -121.89232038385121
37.68227135715622 -121.89284660994791
37.68233813366211 -121.89257108530163
37.682114859757704 -121.89244562234504
37.68152997088787 -121.89244116437916
37.68224160431343 -121.89233038385122
37.68228135715622 -121.89285660994791
37.682328133662104 -121.89258108530163
37.68212485975771 -121.89245562234504
37.68151997088787 -121.89243116437916
37.682251604313436 -121.89234038385122
37.682291357156224 -121.89284660994791
37.6823181336621 -121.89259108530163
37.68213485975771 -121.89246562234504
37.681509970887866 -121.89244116437916
37.68224160431343 -121.89235038385122
37.68230135715623 -121.89285660994791
37.682328133662104 -121.89260108530164
37.68214485975771 -121.89245562234504
37.68149997088786 -121.89243116437916
37.682251604313436 -121.89236038385123
37.68231135715623 -121.89286660994792
37.6823181336621 -121.89259108530163
37.68213485975771 -121.89246562234504
37.68148997088786 -121.89242116437916
37.682281604313445 -121.89233038385122
37.68228135715622 -121.89285660994791
37.6823081336621 -121.89260108530164
37.6821048597577 -121.89235562234501
37.68145997088785 -121.89239116437915
37.68227160431344 -121.89232038385121
37.68227135715622 -121.89284660994791
37.682298133662094 -121.89261108530164
37.68207485975769 -121.892325622345
37.68148997088786 -121.89240116437915
37.68226160431344 -121.89235038385122
37.682261357156214 -121.89285660994791
37.68228813366209 -121.89258108530163
37.6821048597577 -121.89235562234501
37.68145997088785 -121.89243116437916
37.682251604313436 -121.89232038385121
37.68227135715622 -121.89286660994792
37.68227813366209 -121.89259108530163
37.6820948597577 -121.89236562234501
37.68146997088785 -121.89242116437916
37.68226160431344 -121.89233038385122
37.68230135715623 -121.89287660994792
37.68228813366209 -121.89262108530164
37.68212485975771 -121.89235562234501
37.68145997088785 -121.89241116437915
37.68227160431344 -121.89236038385123
37.68227135715622 -121.89286660994792
37.68227813366209 -121.89261108530164
37.682114859757704 -121.89238562234502
37.68146997088785 -121.89240116437915
37.68226160431344 -121.89233038385122
37.682261357156214 -121.89287660994792
37.6823081336621 -121.89258108530163
37.6821048597577 -121.89237562234501
37.68147997088786 -121.89241116437915
37.68223160431343 -121.89232038385121
37.68227135715622 -121.89286660994792
37.68227813366209 -121.89261108530164
37.6820948597577 -121.89240562234502
37.681509970887866 -121.89242116437916
37.68224160431343 -121.89235038385122
37.682261357156214 -121.89285660994791
37.68228813366209 -121.89258108530163
37.682084859757694 -121.89239562234502
37.68151997088787 -121.89245116437917
37.68221160431342 -121.89234038385122
37.68227135715622 -121.89286660994792
37.682298133662094 -121.89257108530163
37.6820948597577 -121.89240562234502
37.681509970887866 -121.89244116437916
37.68220160431342 -121.89233038385122
37.682261357156214 -121.8928366099479
37.6823081336621 -121.89258108530163
37.68212485975771 -121.89243562234503
37.68151997088787 -121.89245116437917
37.68223160431343 -121.89234038385122
37.68225135715621 -121.8928266099479
37.68233813366211 -121.89257108530163
37.682114859757704 -121.89244562234504
37.681509970887866 -121.89244116437916
37.682221604313426 -121.89231038385121
37.682261357156214 -121.8928366099479
37.68234813366211 -121.89256108530162
37.68212485975771 -121.89243562234503
37.68151997088787 -121.89243116437916
37.68223160431343 -121.89234038385122
37.68225135715621 -121.8928266099479
37.68233813366211 -121.89255108530162
37.682114859757704 -121.89244562234504
37.681509970887866 -121.89242116437916
37.68224160431343 -121.89233038385122
37.682261357156214 -121.8928366099479
37.6823081336621 -121.89256108530162
37.68214485975771 -121.89245562234504
37.68149997088786 -121.89243116437916
37.682251604313436 -121.89230038385121
37.68225135715621 -121.8928266099479
37.6823181336621 -121.89257108530163
37.682114859757704 -121.89246562234504
37.68152997088787 -121.89244116437916
37.68226160431344 -121.89231038385121
37.68228135715622 -121.8928366099479
37.68234813366211 -121.89258108530163
37.68212485975771 -121.89243562234503
37.68151997088787 -121.89243116437916
37.682251604313436 -121.89232038385121
37.68227135715622 -121.89284660994791
37.6823181336621 -121.89259108530163
37.68213485975771 -121.89246562234504
37.681509970887866 -121.89244116437916
37.68224160431343 -121.89235038385122
37.68230135715623 -121.89285660994791
37.682328133662104 -121.89258108530163
37.68212485975771 -121.89245562234504
37.68151997088787 -121.89245116437917
37.682251604313436 -121.89234038385122
37.68231135715623 -121.89286660994792
37.6823181336621 -121.89261108530164
37.68213485975771 -121.89244562234504
37.681509970887866 -121.89244116437916
37.68226160431344 -121.89235038385122
37.68228135715622 -121.89285660994791
37.68228813366209 -121.89260108530164
37.6821048597577 -121.892335622345
37.68147997088786 -121.89241116437915
37.682251604313436 -121.89232038385121
37.682291357156224 -121.89284660994791
37.6823181336621 -121.89259108530163
37.68207485975769 -121.892325622345
37.68148997088786 -121.89240116437915
37.68224160431343 -121.89233038385122
37.68228135715622 -121.89285660994791
37.6823081336621 -121.89260108530164
37.6821048597577 -121.89235562234501
37.68145997088785 -121.89243116437916
37.682251604313436 -121.89234038385122
37.682291357156224 -121.89288660994792
37.68227813366209 -121.89259108530163
37.682114859757704 -121.89236562234501
37.68146997088785 -121.89242116437916
37.68226160431344 -121.89235038385122
37.68230135715623 -121.89287660994792
37.68228813366209 -121.89260108530164
37.6821048597577 -121.89235562234501
37.68147997088786 -121.89243116437916
37.68227160431344 -121.89236038385123
37.682291357156224 -121.89288660994792
37.68227813366209 -121.89259108530163
37.6820948597577 -121.89236562234501
37.68146997088785 -121.89240116437915
37.68224160431343 -121.89235038385122
37.682261357156214 -121.89287660994792
37.68228813366209 -121.89260108530164
37.682084859757694 -121.89239562234502
37.68147997088786 -121.89241116437915
37.682251604313436 -121.89234038385122
37.68225135715621 -121.89288660994792
37.68227813366209 -121.89259108530163
37.68207485975769 -121.89240562234502
37.68148997088786 -121.89244116437916
37.682221604313426 -121.89233038385122
37.682261357156214 -121.89287660994792
37.6823081336621 -121.89260108530164
37.682084859757694 -121.89241562234503
37.68149997088786 -121.89245116437917
37.68221160431342 -121.89232038385121
37.68225135715621 -121.89284660994791
37.682298133662094 -121.89259108530163
37.6820948597577 -121.89240562234502
37.68148997088786 -121.89244116437916
37.682221604313426 -121.89235038385122
37.68224135715621 -121.89285660994791
37.682328133662104 -121.89256108530162
37.6821048597577 -121.89241562234503
37.68151997088787 -121.89245116437917
37.68221160431342 -121.89234038385122
37.68225135715621 -121.89284660994791
37.68233813366211 -121.89257108530163
37.68213485975771 -121.89244562234504
37.68152997088787 -121.89244116437916
37.68224160431343 -121.89233038385122
37.68224135715621 -121.89285660994791
37.68234813366211 -121.89258108530163
37.68214485975771 -121.89245562234504
37.681539970887876 -121.89245116437917
37.682251604313436 -121.89234038385122
37.68225135715621 -121.89284660994791
37.68233813366211 -121.89255108530162
37.682114859757704 -121.89246562234504
37.68152997088787 -121.89244116437916
37.68226160431344 -121.89231038385121
37.68224135715621 -121.8928366099479
37.682328133662104 -121.89256108530162
37.68212485975771 -121.89245562234504
37.68151997088787 -121.89243116437916
37.682251604313436 -121.89230038385121
37.68227135715622 -121.8928266099479
37.6823181336621 -121.89259108530163
37.682114859757704 -121.89244562234504
37.681509970887866 -121.89246116437917
37.68226160431344 -121.89231038385121
37.682261357156214 -121.8928366099479
37.68234813366211 -121.89256108530162
37.68212485975771 -121.89243562234503
37.68151997088787 -121.89245116437917
37.68223160431343 -121.89232038385121
37.68227135715622 -121.89286660994792
37.6823181336621 -121.89257108530163
37.682114859757704 -121.89244562234504
37.68152997088787 -121.89244116437916
37.68224160431343 -121.89233038385122
37.68228135715622 -121.8928366099479
37.6823081336621 -121.89260108530164
37.68212485975771 -121.89245562234504
37.68149997088786 -121.89245116437917
37.68223160431343 -121.89236038385123
37.68231135715623 -121.89284660994791
37.6823181336621 -121.89261108530164
37.68213485975771 -121.89244562234504
37.681509970887866 -121.89244116437916
37.68226160431344 -121.89233038385122
37.68228135715622 -121.89285660994791
37.68228813366209 -121.89260108530164
37.682084859757694 -121.89235562234501
37.68145997088785 -121.89241116437915
37.68227160431344 -121.89232038385121
37.68227135715622 -121.89284660994791
37.6823181336621 -121.89259108530163
37.6820948597577 -121.892325622345
37.68148997088786 -121.89240116437915
37.68224160431343 -121.89233038385122
37.682261357156214 -121.89287660994792
37.68228813366209 -121.89258108530163
37.682084859757694 -121.892335622345
37.68147997088786 -121.89243116437916
37.682251604313436 -121.89234038385122
37.682291357156224 -121.89286660994792
37.682298133662094 -121.89259108530163
37.682114859757704 -121.892345622345
37.68146997088785 -121.89244116437916
37.68226160431344 -121.89235038385122
37.68228135715622 -121.89287660994792
37.68228813366209 -121.89260108530164
37.6821048597577 -121.89237562234501
37.68145997088785 -121.89241116437915
37.682251604313436 -121.89234038385122
37.68227135715622 -121.89286660994792
37.68227813366209 -121.89259108530163
37.6820948597577 -121.89238562234502
37.68148997088786 -121.89240116437915
37.68224160431343 -121.89233038385122
37.682261357156214 -121.89287660994792
37.68228813366209 -121.89260108530164
37.682084859757694 -121.89237562234501
37.68147997088786 -121.89241116437915
37.68223160431343 -121.89234038385122
37.68227135715622 -121.89288660994792
37.682298133662094 -121.89261108530164
37.6820948597577 -121.89238562234502
37.681509970887866 -121.89242116437916
37.682221604313426 -121.89233038385122
37.682261357156214 -121.89285660994791
37.68228813366209 -121.89258108530163
37.682084859757694 -121.89239562234502
37.68149997088786 -121.89245116437917
37.68223160431343 -121.89234038385122
37.68227135715622 -121.89284660994791
37.6823181336621 -121.89259108530163
37.6820948597577 -121.89240562234502
37.681509970887866 -121.89246116437917
37.682221604313426 -121.89235038385122
37.68224135715621 -121.89285660994791
37.682328133662104 -121.89256108530162
37.6821048597577 -121.89243562234503
37.68151997088787 -121.89243116437916
37.68221160431342 -121.89232038385121
37.682231357156205 -121.8928266099479
37.6823181336621 -121.89259108530163
37.682114859757704 -121.89242562234503
37.68152997088787 -121.89246116437917
37.68224160431343 -121.89231038385121
37.682261357156214 -121.89285660994791
37.682328133662104 -121.89258108530163
37.68214485975771 -121.89243562234503
37.68151997088787 -121.89245116437917
37.68223160431343 -121.89234038385122
37.68225135715621 -121.89284660994791
37.68233813366211 -121.89255108530162
37.682114859757704 -121.89244562234504
37.68152997088787 -121.89242116437916
37.68224160431343 -121.89233038385122
37.682261357156214 -121.8928366099479
37.682328133662104 -121.89256108530162
37.68212485975771 -121.89243562234503
37.68149997088786 -121.89245116437917
37.68223160431343 -121.89230038385121
37.68225135715621 -121.89284660994791
37.6823181336621 -121.89259108530163
37.682114859757704 -121.89246562234504
37.681509970887866 -121.89246116437917
37.68224160431343 -121.89233038385122
37.682261357156214 -121.89285660994791
37.682328133662104 -121.89258108530163
37.68212485975771 -121.89245562234504
37.68151997088787 -121.89243116437916
37.682251604313436 -121.89232038385121
37.68227135715622 -121.89286660994792
37.68233813366211 -121.89259108530163
37.682114859757704 -121.89246562234504
37.681509970887866 -121.89244116437916
37.68226160431344 -121.89235038385122
37.68228135715622 -121.89285660994791
37.682328133662104 -121.89260108530164
37.68212485975771 -121.89245562234504
37.68149997088786 -121.89243116437916
37.68223160431343 -121.89236038385123
37.682291357156224 -121.89284660994791
37.68233813366211 -121.89259108530163
37.68213485975771 -121.89244562234504
37.681509970887866 -121.89244116437916
37.682281604313445 -121.89233038385122
37.682261357156214 -121.89285660994791
37.68228813366209 -121.89262108530164
37.6821048597577 -121.89235562234501
37.68147997088786 -121.89241116437915
37.682251604313436 -121.89234038385122
37.68227135715622 -121.89286660994792
37.6823181336621 -121.89261108530164
37.6820948597577 -121.892345622345
37.68146997088785 -121.89242116437916
37.68226160431344 -121.89235038385122
37.682261357156214 -121.89287660994792
37.6823081336621 -121.89260108530164
37.6821048597577 -121.892335622345
37.68147997088786 -121.89241116437915
37.682251604313436 -121.89234038385122
37.68227135715622 -121.89286660994792
37.682298133662094 -121.89261108530164
37.682114859757704 -121.892345622345
37.68146997088785 -121.89242116437916
37.682281604313445 -121.89235038385122
37.68230135715623 -121.89289660994793
37.68228813366209 -121.89262108530164
37.6821048597577 -121.89237562234501
37.68145997088785 -121.89243116437916
37.682251604313436 -121.89234038385122
37.68227135715622 -121.89288660994792
37.68227813366209 -121.89259108530163
37.682114859757704 -121.89236562234501
37.68146997088785 -121.89240116437915
37.68224160431343 -121.89235038385122
37.68228135715622 -121.89285660994791
37.6823081336621 -121.89260108530164
37.6821048597577 -121.89237562234501
37.68149997088786 -121.89241116437915
37.68223160431343 -121.89234038385122
37.68227135715622 -121.89288660994792
37.682298133662094 -121.89259108530163
37.68207485975769 -121.89238562234502
37.68148997088786 -121.89242116437916
37.68224160431343 -121.89233038385122
37.682261357156214 -121.89285660994791
37.6823081336621 -121.89260108530164
37.682084859757694 -121.89241562234503
37.68151997088787 -121.89245116437917
37.68223160431343 -121.89232038385121
37.68227135715622 -121.89284660994791
37.6823181336621 -121.89259108530163
37.682114859757704 -121.89240562234502
37.68148997088786 -121.89244116437916
37.682221604313426 -121.89233038385122
37.68224135715621 -121.8928366099479
37.6823081336621 -121.89256108530162
37.6821048597577 -121.89243562234503
37.68151997088787 -121.89243116437916
37.68221160431342 -121.89232038385121
37.68225135715621 -121.89284660994791
37.6823181336621 -121.89259108530163
37.682114859757704 -121.89242562234503
37.681509970887866 -121.89246116437917
37.682221604313426 -121.89231038385121
37.68224135715621 -121.8928366099479
37.68234813366211 -121.89256108530162
37.68214485975771 -121.89245562234504
37.681539970887876 -121.89245116437917
37.68223160431343 -121.89232038385121
37.68227135715622 -121.8928266099479
37.68233813366211 -121.89255108530162
37.68213485975771 -121.89244562234504
37.681509970887866 -121.89244116437916
37.68224160431343 -121.89233038385122
37.68224135715621 -121.8928366099479
37.6823081336621 -121.89256108530162
37.68214485975771 -121.89243562234503
37.68151997088787 -121.89243116437916
37.68223160431343 -121.89230038385121
37.68225135715621 -121.89284660994791
37.68233813366211 -121.89259108530163
37.68213485975771 -121.89244562234504
37.681509970887866 -121.89246116437917
37.68226160431344 -121.89231038385121
37.68228135715622 -121.89285660994791
37.682328133662104 -121.89258108530163
37.6821048597577 -121.89245562234504
37.68151997088787 -121.89243116437916
37.682251604313436 -121.89234038385122
37.68227135715622 -121.89286660994792
37.6823181336621 -121.89259108530163
37.68213485975771 -121.89246562234504
37.681509970887866 -121.89242116437916
37.68226160431344 -121.89235038385122
37.68230135715623 -121.89285660994791
37.682328133662104 -121.89258108530163
37.68212485975771 -121.89245562234504
37.68151997088787 -121.89245116437917
37.68223160431343 -121.89234038385122
37.68231135715623 -121.89284660994791
37.68233813366211 -121.89261108530164
37.68213485975771 -121.89244562234504
37.68148997088786 -121.89244116437916
37.68222160431344 -121.89184038385122
37.68232135715622 -121.89236660994791
37.68224813366209 -121.89311108530164
37.6821448597577 -121.891845622345
37.681519970887855 -121.89290116437915
37.682321604313444 -121.89284038385122
37.682221357156216 -121.89336660994792
37.68224813366209 -121.89211108530164
37.682044859757696 -121.891845622345
37.68141997088785 -121.89290116437915
37.682321604313444 -121.89284038385122
37.682221357156216 -121.89236660994791
37.682348133662096 -121.89211108530164
37.6821448597577 -121.892845622345
37.681519970887855 -121.89290116437915
37.68222160431344 -121.89284038385122
37.68232135715622 -121.89336660994792
37.68224813366209 -121.89211108530164
37.682044859757696 -121.892845622345
37.681519970887855 -121.89290116437915
37.682321604313444 -121.89284038385122
37.68232135715622 -121.89236660994791
37.68224813366209 -121.89211108530164
37.682044859757696 -121.891845622345
37.68141997088785 -121.89190116437915
